1100100
1101101
1101010
1101100
1101001
1100100
1100001
1101010
1011110
1101001
1100001
1101010
1101010
1101001
1100100
1101100
1101110
1100100
1101101
1101010
1101100
1101001
1100100
1100001
1101010
1101001
1100100
1101010
1101100
1100100
1101101
1100100
1101101
1101010
1101100
1101001
1100100
1010100
1011110
1101001
1011010
1011101
1100001
1011010
1011101
1100001
1011001
1010100
1011110
1011001
1010100
1011110
1010001
1011010
1011101
1001110
1011001
1011100
1010001
1011010
1011101
1011010
1011101
1100001
1011010
1011101
1100001
1011010
1011101
1100001
1011010
1011101
1100001
1011010
1011101
1100001
1011010
1011101
1100001
1010100
1011110
1101001
1010100
1011110
1101001
1010100
1011110
1101001
1010100
1011110
1101001
1010100
1011110
1101001
1010100
1011110
1101001
1011010
1011101
1100001
1011010
1011101
1100001
1011010
1011101
1100001
1011010
1011101
1100001
1011010
1011101
1100001
1011010
1011101
1100001
1010100
1011110
1101001
1011100
1011110
1101010
1011101
1100001
1100100
1011110
1101001
1101100
1011101
1101001
1100100
1011100
1011110
1101010
1010100
1011110
1101001
1011010
1011101
1100001
1011001
1010100
1011110
1011100
1011110
1101010
1010100
1011110
1101001
1011010
1011101
1100001
1010100
1011110
1101001
1011010
1011101
1100001
1011001
1011100
1011110
1011010
1011101
1100001
1011001
1011100
1011110
1010001
1010100
1011101
1011001
1010100
1011110
1010001
1011010
1011101
1001110
1011001
1011100
1001101
1010001
1011010
10010101
1001110
1011010
100100
1001101
1011001
1001010
100101
1001110
1001010
100101
1001110
1010100
1011101
1010100
1010100
1011101
1101001
1011100
1011110
1011100
1011100
1011110
1101010
1011101
1100001
1011101
1011101
1100001
1100100
1011110
1101001
1011110
1011110
1101001
1101100
1101001
1100100
1101001
1101001
1100100
1111110
1101001
1100100
1101001
1101001
1100100
1111110
1101010
1100101
1101010
1101010
1100101
1110001
1100100
1101101
1100100
1100100
1101101
1111001
1101100
1101110
1101100
1101100
1101110
1111010
1100101
1100111
1100101
1100101
1100111
1110011
1011101
1010111
1011101
1011101
1010111
1100011
1011110
1101001
1011110
1011110
1101001
1101100
1010111
1101010
1010111
1010111
1101010
1101101
1101001
1100011
1101001
1101001
1100011
1101110
1101010
1101101
1101100
1101101
1101010
1101101
1101010
1101101
1101100
1101101
1101010
1101101
1100100
1101101
1100100
1101101
1100100
1101110
1100100
1101101
1100100
1101101
1100100
1101110
1101100
1101110
1100100
1101101
1101010
1101100
1101100
1101110
1100100
1101101
1101010
1101100
1010100
1011101
1010100
1010100
1011101
1101001
1010100
1011101
1010100
1010100
1011101
1101001
1011100
1011110
1011100
1011100
1011110
1101010
1011100
1011110
1011100
1011100
1011110
1101010
1100100
1101101
1101010
1101100
1101001
1100100
1100001
1101010
1011110
1101001
1100001
1101010
1101010
1101001
1100100
1101100
1101110
1100100
1101101
1101010
1101100
1101001
1100100
1100001
1101010
1101001
1100100
1101010
1101100
1100100
1101101
1100100
1101101
1101010
1101100
1101001
1100100
1011010
1011101
1100001
1011010
1011101
1100001
1011001
1010100
1011110
1011001
1010100
1011110
1010001
1011010
1011101
1001110
1011001
1011100
1010001
1011010
1011101
1010001
1011010
1011101
1001110
1011001
1011100
1001110
1011001
1011100
1001101
1010001
1011010
1001101
1010001
1011010
1010100
1011101
1101001
1010100
1011101
1101001
1010100
1011101
1101001
1010100
1011101
1101001
1011100
1011110
1101010
1011100
1011110
1101010
1011100
1011110
1101010
1011100
1011110
1101010
1010100
1011101
1101001
1100100
1101101
1111001
1010100
1011101
1101001
1011001
1010100
1011101
1101001
0000000
0000000
0000000
0000000
0000000
0000000
0000000
0000000
0000000
0000000
0000000
0000000
0000000
0000000
0000000
0000000
0000000
0000000
0000000
0000000
0000000
0000000
0000000
0000000
0000000
0000000
0000000
0000000
0000000
0000000
0000000
0000000
0000000
0000000
0000000
0000000
0000000
0000000
0000000
0000000
0000000
0000000
0000000
0000000
0000000
0000000
0000000
0000000
0000000
0000000
0000000
0000000
0000000
0000000
0000000
0000000
0000000
0000000
0000000
0000000
0000000
0000000
0000000
0000000
0000000
0000000
0000000
0000000
0000000
0000000
0000000
0000000
0000000
0000000
0000000
0000000
0000000
0000000
0000000
0000000
0000000
0000000
0000000
0000000
0000000
0000000
0000000
0000000
0000000
0000000
0000000
0000000
0000000
0000000
0000000
0000000
0000000
0000000
0000000
0000000
0000000
0000000
0000000
0000000
0000000
0000000
0000000
0000000
0000000
0000000
0000000
0000000
0000000
0000000
0000000
0000000
0000000
0000000
0000000
0000000
0000000
0000000
0000000
0000000
0000000
0000000
0000000
0000000
0000000
0000000
0000000
0000000
0000000
0000000
0000000
0000000
0000000
0000000
0000000
0000000
0000000
0000000
0000000
0000000
0000000
0000000
0000000
0000000
0000000
0000000
0000000
0000000
0000000
0000000
0000000
0000000
0000000
0000000
0000000
0000000
0000000
0000000
0000000
0000000
0000000
0000000
0000000
0000000
0000000
0000000
0000000
0000000
0000000
0000000
0000000
0000000
0000000
0000000
0000000
0000000
0000000
0000000
0000000
0000000
0000000
0000000
0000000
0000000
0000000
0000000
0000000
0000000
0000000
0000000
0000000
0000000
0000000
0000000
0000000
0000000
0000000
0000000
0000000
0000000
0000000
0000000
0000000
0000000
0000000
0000000
0000000
0000000
0000000
0000000
0000000
0000000
0000000
0000000
0000000
0000000
0000000
0000000
0000000
0000000
0000000
0000000
0000000
0000000
0000000
0000000
0000000
0000000
0000000
0000000
0000000
0000000
0000000
0000000
0000000
0000000
0000000
0000000
0000000
0000000
0000000
0000000
0000000
0000000
0000000
0000000
0000000
0000000
0000000
0000000
0000000
0000000
0000000
0000000
0000000
0000000
0000000
0000000
0000000
0000000
0000000
0000000
0000000
0000000
0000000
0000000
0000000
0000000
0000000
0000000
0000000
0000000
0000000
0000000
0000000
0000000
0000000
0000000
0000000
0000000
0000000
0000000
0000000
0000000
0000000
0000000
0000000
0000000
0000000
0000000
0000000
0000000
0000000
0000000
0000000
0000000
0000000
0000000
0000000
0000000
0000000
0000000
0000000
0000000
0000000
0000000
0000000
0000000
0000000
0000000
0000000
0000000
0000000
0000000
0000000
0000000
0000000
0000000
0000000
0000000
0000000
0000000
0000000
0000000
0000000
0000000
0000000
0000000
0000000
0000000
0000000
0000000
0000000
0000000
0000000
0000000
0000000
0000000
0000000
0000000
0000000
0000000
0000000
0000000
0000000
0000000
0000000
0000000
0000000
0000000
0000000
0000000
0000000
0000000
0000000
0000000
0000000
0000000
0000000
0000000
0000000
0000000
0000000
0000000
0000000
0000000
0000000
0000000
0000000
0000000
0000000
0000000
0000000
0000000
0000000
0000000
0000000
0000000
0000000
0000000
0000000
0000000
0000000
0000000
0000000
0000000
0000000
0000000
0000000
0000000
0000000
0000000
0000000
0000000
0000000
0000000
0000000
0000000
0000000
0000000
0000000
0000000
0000000
0000000
0000000
0000000
0000000
0000000
0000000
0000000
0000000
0000000
0000000
0000000
0000000
0000000
0000000
0000000
0000000
0000000
0000000
0000000
0000000
0000000
0000000
0000000
0000000
0000000
0000000
0000000
0000000
0000000
0000000
0000000
0000000
0000000
0000000
0000000
0000000
0000000
0000000
0000000
0000000
0000000
0000000
0000000
0000000
0000000
0000000
0000000
0000000
0000000
0000000
0000000
0000000
0000000
0000000
0000000
0000000
0000000
0000000
0000000
0000000
0000000
0000000
0000000
0000000
0000000
0000000
0000000
0000000
0000000
0000000
0000000
0000000
0000000
0000000
0000000
0000000
0000000
0000000
0000000
0000000
0000000
0000000
0000000
0000000
0000000
0000000
0000000
0000000
0000000
0000000
0000000
0000000
0000000
0000000
0000000
0000000
0000000
0000000
0000000
0000000
0000000
0000000
0000000
0000000
0000000
0000000
0000000
0000000
0000000
0000000
0000000
0000000
0000000
0000000
0000000
0000000
0000000
0000000
0000000
0000000
0000000
0000000
0000000
0000000
0000000
0000000
0000000
0000000
0000000
0000000
0000000
0000000
0000000
0000000
0000000
0000000
0000000
0000000
0000000
0000000
0000000
0000000
0000000
0000000
0000000
0000000
0000000
0000000
0000000
0000000
0000000
0000000
0000000
0000000
0000000
0000000
0000000
0000000
0000000
0000000
0000000
0000000
0000000
0000000
0000000
0000000
0000000
0000000
0000000
0000000