1001001
1001101
1011001
1010011
1001101
1011001
1010011
1011101
1011001
1010011
1011101
1101001
1010011
1011101
1101001
1100011
1011101
1101001
1100011
1101101
1101001
1100011
1101101
1111001
1100011
1101101
1111001
1110011
1110011
1000001
1001101
1010001
1011010
1001101
1010001
1011010
1011101
1010001
1011010
1011101
1100001
1011010
1011101
1100001
1101010
1011101
1100001
1101010
1101101
1100001
1101010
1101101
1110001
1101010
1101101
1110001
1111010
1111010
1001001
1000100
1001101
1011001
1000100
1001101
1011001
1010100
1001101
1011001
1010100
1011101
1011001
1010100
1011101
1101001
1010100
1011101
1101001
1100100
1011101
1101001
1100100
1101101
1101001
1100100
1101101
1111001
1111001
1000110
1001001
1001100
1000110
1011001
1011001
1011100
1010110
1101001
1101001
1101100
1100110
1111001
1111001
1000110
1001001
1000011
1000101
1011001
1011001
1010011
1010101
1101001
1101001
1100011
1100101
1111001
1111001
1110001
1001101
1001101
1001110
1010001
1011001
1011010
1010001
1011010
1011001
1011100
1010011
1011010
1011001
1010001
1000110
1001101
1001101
1001101
1001110
1010001
1011001
1011010
1010001
1011010
1011001
1011100
1010011
1011010
1011001
1010001
1000110
1001101
1000110
1001101
1000110
1001101
1000110
1001101
1000110
1001101