1010001
1010001
1010010
1010001
1010001
1010001
1010010
1010001
1010010
1010010
1010011
1010010
1010010
1010010
1010011
1010010
1010101
1010101
1010100
1010100
1010101
1010101
1010100
1010100
1010010
1010010
1010010
1010010
1010010
1010010
1010001
1010001
1010001
1010001
1010010
1010001
1010001
1010001
1010010
1010001
1010010
1010010
1010011
1010010
1010010
1010010
1010011
1010010
1010101
1010101
1010100
1010100
1010101
1010101
1010100
1010100
1010010
1010010
1010010
1010010
1010010
1010010
1010001
1010001
1010100
1010100
1010101
1010100
1010100
1010100
1010101
1010100
1010100
1010100
1010101
1010100
1010100
1010100
1010101
1011101
1010101
1010100
1010100
1010110
1010101
1010100
1010100
1010110
1010101
1010100
1010100
1010110
1010101
1010100
1010100
1010100
1010101
1011101
1010101
1010100
1010001
1010110
1011110
1010110
1010001
1010110
1011110
1010110
1010001
1010101
1010110
1010101
1010001
1010101
1010110
1010101
1010010
1010001
1010001
1001110
1000110
1000110
1010100
1010101
1010100
1010001
1010100
1010100
1010101
1010100
1010001
1010100
1010100
1010101
1010100
1010001
1010100
1010100
1010101
1010100
1010001
1010100
1010101
1010100
1010001
1010100
1010100
1010101
1010100
1010001
1010100
1010100
1010101
1010100
1010001
1000101
1000110
1001110
1010001
1010010
1010010
1010011
1010100
1010100
1010011
1010010
1010011
1010100
