1010110
1100010
1101001
1100001
1011110
1010110
1010101
1011100
1011010
1010010
1011010
1010010
1010001
1001110
1010101
1010100
1010011
1010100
1010010
1000110
1010010
1010011
1010100
1010010
1010100
1010010
1010011
1010100
1010010
1010011
1011001
1010010
1010011
1011001
1010010
1010101
1010100
1010011
1010100
1010010
1000110
1010010
1010011
1010100
1010010
1010100
1010010
1010011
1010100
1010010
1010011
1011001
1010010
1010011
1011001
1010010
1000110
1000110
1000100
1000100
1000010
1000100
1000100
1000100
1000100
1000010
1000010
1000100
1000101
1000110
1000110
1000110
1000110
1000100
1000010
1000110
1000100
1001110
1000110
1000011
1001110
1000101
1010011
1010010
1001110
1000110
1000010
1000011
1000100
1000011
1000010
1000100
1000110
1000110
1001110
1000110
1000101
1000011
1000011
1000101
1000011
1000110
1000101
1000100
1000011
1000010
1001001
1000010
1000110
1000110
1000100
1000100
1000010
1000100
1000100
1000100
1000100
1000010
1000010
1000100
1000101
1000110
1000110
1000110
1000110
1000100
1000010
1000110
1000100
1001110
1000110
1000011
1001110
1000101
1010011
1010010
1001110
1000110
1000010
1000011
1000100
1000011
1000010
1000100
1000110
1000110
1001110
1000110
1000101
1000011
1000011
1000101
1000011
1000110
1000101
1000100
1000011
1000010
1001001
1000010