1000100
1000100
1010100
1001100
1001011
1001010
1001000
1000100
1001000
1001010
1000010
1000010
1010100
1001100
1001011
1001010
1001000
1000100
1001000
1001010
0111110
0111110
1010100
1001100
1001011
1001010
1001000
1000100
1001000
1001010
0111101
0111101
1010100
1001100
1001011
1001010
1001000
1000100
1001000
1001010
1000100
1000100
1010100
1001100
1001011
1001010
1001000
1000100
1001000
1001010
1000010
1000010
1010100
1001100
1001011
1001010
1001000
1000100
1001000
1001010
0111110
0111110
1010100
1001100
1001011
1001010
1001000
1000100
1001000
1001010
0111101
0111101
1010100
1001100
1001011
1001010
1001000
1000100
1001000
1001010
1000100
1000100
1010100
1001100
1001011
1001010
1001000
1000100
1001000
1001010
1000010
1000010
1010100
1001100
1001011
1001010
1001000
1000100
1001000
1001010
0111110
0111110
1010100
1001100
1001011
1001010
1001000
1000100
1001000
1001010
0111101
0111101
1010100
1001100
1001011
1001010
1001000
1000100
1001000
1001010
1000100
1000100
1010100
1001100
1001011
1001010
1001000
1000100
1001000
1001010
1000010
1000010
1010100
1001100
1001011
1001010
1001000
1000100
1001000
1001010
0111110
0111110
1010100
1001100
1001011
1001010
1001000
1000100
1001000
1001010
0111101
0111101
1010100
1001100
1001011
1001010
1001000
1000100
1001000
1001010
1001000
1001000
1001000
1001000
1001000
1000110
1000100
1000100
1000100
1001010
1001010
1001010
1001010
1001010
1001000
1001010
1001100
1001000
1001000
1001000
1001000
1001000
1000110
1000100
1000100
1000100
1001100
1001010
1001000
1000110
1000100
1000010
1000100
1001000
1001000
1001000
1001000
1001000
1000110
1000100
1000100
1000100
1001010
1001010
1001010
1001010
1001010
1001000
1001010
1001100
1001000
1001000
1001000
1001000
1001000
1000110
1000100
1000100
1000100
1001100
1001010
1001000
1000110
1000100
1000010
1000100
1011000
1010110
1010100
1010010
1001101
1001100
1001010
1001000
1000110
1000100
1000010
0111101
1001100
1001100
1001100
1001100
1001100
1001010
1001000
1001010
1001100
1001010
1001000
1000110
1001000
1001010
1001100
1010011
1010100
1010110
1011000
1011010
1011100
1011010
1011000
1010110
1010100
1011000
1010110
1010100
1010010
1001101
1001100
1001010
1001000
1000110
1000100
1000010
0111101
1010100
1010100
1100100
1011100
1011011
1011010
1011000
1010100
1011000
1011010
1010010
1010010
1100100
1011100
1011011
1011010
1011000
1010100
1011000
1011010
1001110
1001110
1100100
1011100
1011011
1011010
1011000
1010100
1011000
1011010
1001101
1001101
1100100
1011100
1011011
1011010
1011000
1010100
1011000
1011010
1010100
1010100
1100100
1011100
1011011
1011010
1011000
1010100
1011000
1011010
1010010
1010010
1100100
1011100
1011011
1011010
1011000
1010100
1011000
1011010
1001110
1001110
1100100
1011100
1011011
1011010
1011000
1010100
1011000
1011010
1001101
1001101
1100100
1011100
1011011
1011010
1011000
1010100
1011000
1011010
1000100
1000100
1000100
1001000
1001010
1001011
1001100
1010010
1010100
1000100
1000100
1000100
1001000
1001010
1001011
1001100
1010010
1010100
1001100
1001010
1001000
1000100
1000010
1000100
0100100
0000000
0000000
0000000
0000000
0000000
0000000
0000000
0000000
0000000
0000000
0000000
0000000
0000000
0000000
0000000
0000000
0000000
0000000
0000000
0000000
0000000
0000000
0000000
0000000
0000000
0000000
0000000
0000000
0000000
0000000
0000000
0000000
0000000
0000000
0000000
0000000
0000000
0000000
0000000
0000000
0000000
0000000
0000000
0000000
0000000
0000000
0000000
0000000
0000000
0000000
0000000
0000000
0000000
0000000
0000000
0000000
0000000
0000000
0000000
0000000
0000000
0000000
0000000
0000000
0000000
0000000
0000000
0000000
0000000
0000000
0000000
0000000
0000000
0000000
0000000
0000000
0000000
0000000
0000000
0000000
0000000
0000000
0000000
0000000
0000000
0000000
0000000
0000000
0000000
0000000
0000000
0000000
0000000
0000000
0000000
0000000
0000000
0000000
0000000
0000000
0000000
0000000
0000000
0000000
0000000
0000000
0000000
0000000
0000000
0000000
0000000
0000000
0000000
0000000
0000000
0000000
0000000
0000000
0000000
0000000
0000000
0000000
0000000
0000000
0000000
0000000
0000000
0000000
0000000
0000000
0000000
0000000
0000000
0000000
0000000
0000000
0000000
0000000
0000000
0000000
0000000
0000000
0000000
0000000
0000000
0000000
0000000
0000000
0000000
0000000
0000000
0000000
0000000
0000000
0000000
0000000
0000000
0000000
0000000
0000000
0000000
0000000
0000000
0000000
0000000
0000000
0000000
0000000
0000000
0000000
0000000
0000000
0000000
0000000
0000000
0000000
0000000
0000000
0000000
0000000
0000000
0000000
0000000
0000000
0000000
0000000
0000000
0000000
0000000
0000000
0000000
0000000
0000000
0000000
0000000
0000000
0000000
0000000
0000000
0000000
0000000
0000000
0000000
0000000
0000000
0000000
0000000
0000000
0000000
0000000
0000000
0000000
0000000
0000000
0000000
0000000
0000000
0000000
0000000
0000000
0000000
0000000
0000000
0000000
0000000
0000000
0000000
0000000
0000000
0000000
0000000
0000000
0000000
0000000
0000000
0000000
0000000
0000000
0000000
0000000
0000000
0000000
0000000
0000000
0000000
0000000
0000000
0000000
0000000
0000000
0000000
0000000
0000000
0000000
0000000
0000000
0000000
0000000
0000000
0000000
0000000
0000000
0000000
0000000
0000000
0000000
0000000
0000000
0000000
0000000
0000000
0000000
0000000
0000000
0000000
0000000
0000000
0000000
0000000
0000000
0000000
0000000
0000000
0000000
0000000
0000000
0000000
0000000
0000000
0000000
0000000
0000000
0000000
0000000
0000000
0000000
0000000
0000000
0000000
0000000
0000000
0000000
0000000
0000000
0000000
0000000
0000000
0000000
0000000
0000000
0000000
0000000
0000000
0000000
0000000
0000000
0000000
0000000
0000000
0000000
0000000
0000000
0000000
0000000
0000000
0000000
0000000
0000000
0000000
0000000
0000000
0000000
0000000
0000000
0000000
0000000
0000000
0000000
0000000
0000000
0000000
0000000
0000000
0000000
0000000
0000000
0000000
0000000
0000000
0000000
0000000
0000000
0000000
0000000
0000000
0000000
0000000
0000000
0000000
0000000
0000000
0000000
0000000
0000000
0000000
0000000
0000000
0000000
0000000
0000000
0000000
0000000
0000000
0000000
0000000
0000000
0000000
0000000
0000000
0000000
0000000
0000000
0000000
0000000
0000000
0000000
0000000
0000000
0000000
0000000
0000000
0000000
0000000
0000000
0000000
0000000
0000000
0000000
0000000
0000000
0000000
0000000
0000000
0000000
0000000
0000000
0000000
0000000
0000000
0000000
0000000
0000000
0000000
0000000
0000000
0000000
0000000
0000000
0000000
0000000
0000000
0000000
0000000
0000000
0000000
0000000
0000000
0000000
0000000
0000000
0000000
0000000
0000000
0000000
0000000
0000000
0000000
0000000
0000000
0000000
0000000
0000000
0000000
0000000
0000000
0000000
0000000
0000000
0000000
0000000
0000000
0000000
0000000
0000000
0000000
0000000
0000000
0000000
0000000
0000000
0000000
0000000
0000000
0000000
0000000
0000000
0000000
0000000
0000000
0000000
0000000
0000000
0000000
0000000
0000000
0000000
0000000
0000000
0000000
0000000
0000000
0000000
0000000
0000000
0000000
0000000
0000000
0000000
0000000
0000000
0000000
0000000
0000000
0000000
0000000
0000000
0000000
0000000
0000000
0000000
0000000
0000000
0000000
0000000
0000000
0000000
0000000
0000000
0000000
0000000
0000000
0000000
0000000
0000000
0000000
0000000
0000000
0000000
0000000
0000000
0000000
0000000
0000000
0000000
0000000
0000000
0000000
0000000
0000000
0000000
0000000
0000000
0000000
0000000
0000000
0000000
0000000
0000000
0000000
0000000
0000000
0000000
0000000
0000000
0000000
0000000
0000000
0000000
0000000
0000000
0000000
0000000
0000000
0000000
0000000
0000000
0000000
0000000
0000000
0000000
0000000
0000000
0000000
0000000
0000000
0000000
0000000
0000000
0000000
0000000
0000000
0000000
0000000
0000000
0000000
0000000
0000000
0000000
0000000
0000000
0000000
0000000
0000000
0000000
0000000
0000000
0000000
0000000
0000000
0000000
0000000
0000000
0000000
0000000
0000000
0000000
0000000
0000000
0000000
0000000
0000000
0000000
0000000
0000000
0000000
0000000
0000000
0000000
0000000
0000000
0000000
0000000
0000000
0000000
0000000
0000000
0000000
0000000
0000000
0000000
0000000
0000000
0000000
0000000
0000000
0000000
0000000
0000000
0000000
0000000
0000000
0000000
0000000
0000000
0000000
0000000
0000000
0000000
0000000
0000000
0000000
0000000
0000000
0000000
